"epoca";"peso";"EQM"
0 0.0308144121168 0.00745611190655
1 0.0589158871076 0.0062010163427
2 0.0845432751514 0.00515719240327
3 0.107914397776 0.00428907650206
4 0.129227899246 0.00356709151066
5 0.14866493495 0.00296663905139
6 0.166390711145 0.0024672614187
7 0.182555889131 0.00205194457525
8 0.197297865814 0.0017065384754
9 0.210741941511 0.00141927496637
10 0.223002384953 0.00118036684153
11 0.234183404519 0.000981674385584
12 0.244380033956 0.000816428050505
13 0.253678940132 0.000678997813776
14 0.262159159658 0.000564701360797
15 0.269892770672 0.000469644556162
16 0.276945505467 0.000390588768586
17 0.283377309185 0.00032484052917
18 0.289242849331 0.000270159763614
19 0.294591980416 0.000224683471803
20 0.299470167702 0.000186862254489
21 0.303918873635 0.000155407524517
22 0.30797591026 0.000129247604031
23 0.311675760603 0.000107491211894
24 0.315049871765 8.93970973083e-05
25 0.318126922208 7.43487850432e-05
26 0.320933065507 6.18335718255e-05
27 0.323492152645 5.14250582909e-05
28 0.325825934739 4.27686213515e-05
29 0.327954247909 3.55693320164e-05
30 0.329895181881 2.95819070176e-05
31 0.331665233741 2.46023518911e-05
32 0.333279448151 2.04610107865e-05
33 0.334751545224 1.70167862105e-05
34 0.336094037137 1.41523317668e-05
35 0.337318334482 1.17700541077e-05
36 0.338434843246 9.7887878818e-06
37 0.339453053265 8.14103039105e-06
38 0.340381618874 6.77064174116e-06
39 0.341228432474 5.6309321284e-06
40 0.342000691607 4.68307109529e-06
41 0.342704960137 3.89476455824e-06
42 0.343347224036 3.23915453246e-06
43 0.343932942266 2.69390406743e-06
44 0.344467093172 2.24043621625e-06
45 0.344954216804 1.86330110999e-06
46 0.345398453498 1.5496495733e-06
47 0.34580357907 1.28879534668e-06
48 0.34617303691 1.07185100054e-06
49 0.346509967247 8.91425136125e-07
50 0.34681723384 7.41370557026e-07
51 0.34709744832 6.1657483119e-07
52 0.347352992388 5.1278610791e-07
53 0.347586038055 4.26468255213e-07
54 0.347798566107 3.5468038213e-07
55 0.347992382939 2.94976641122e-07
56 0.348169135909 2.45322896871e-07
57 0.348330327339 2.04027422308e-07
58 0.348477327286 1.69683260652e-07
59 0.348611385185 1.41120289713e-07
60 0.348733640468 1.17365355264e-07
61 0.348845132253 9.76091152037e-08
62 0.348946808169 8.11784648836e-08
63 0.349039532418 6.75136041046e-08
64 0.349124093115 5.61489644542e-08
65 0.349201208988 4.66973471656e-08
66 0.349271535489 3.88367310689e-08
67 0.349335670363 3.22993011738e-08
68 0.349394158726 2.68623240835e-08
69 0.349447497705 2.23405593602e-08
70 0.349496140658 1.8579948294e-08
71 0.349540501028 1.54523650478e-08
72 0.349580955858 1.28512513487e-08
73 0.349617848998 1.06879859954e-08
74 0.349651494022 8.88886549164e-09
